$molecule
-1 2
C                 -3.4596210000      5.5162530000      3.5165240000
C                 -2.4494110000      6.0207020000      4.3161600000
C                 -2.0230450000      5.2992700000      5.4487760000
C                 -4.0755860000      4.2845640000      3.8153580000
C                 -3.6460240000      3.5591830000      4.9550040000
C                 -2.6163070000      4.0882390000      5.7581220000
C                 -5.1482170000      3.7747270000      2.9470540000
C                 -5.7386120000      2.5030100000      3.3178420000
C                 -5.3044250000      1.7886310000      4.4286260000
C                 -4.2592910000      2.2705160000      5.3052300000
O                 -5.5240160000      4.4264040000      1.9330440000
O                 -3.8858130000      1.6221430000      6.3234710000
H                 -1.9849040000      6.9718790000      4.0722360000
H                 -1.2299720000      5.6943770000      6.0771950000
C                 -6.8471780000      1.9903620000      2.4295770000
H                 -3.8082190000      6.0490380000      2.6392090000
H                 -2.3105080000      3.5108930000      6.6232190000
H                 -6.5492220000      1.0818970000      1.8893920000
H                 -7.0932270000      2.7539580000      1.6914090000
H                 -7.7461960000      1.7442050000      3.0041910000
C                 -5.9136090000      0.4487590000      4.8079090000
C                 -7.0450840000      0.5945840000      5.7943300000
C                 -8.2799930000      0.0732670000      5.7538210000
C                 -9.2599920000      0.3542730000      6.8757110000
C                 -9.5837680000     -0.8783960000      7.7590150000
C                -10.6053210000     -0.5735600000      8.8180100000
C                -10.4592040000     -0.5488460000     10.1507490000
C                 -8.8023570000     -0.8054590000      4.6415600000
C                -11.6314530000     -0.1789200000     11.0377860000
C                -11.4795220000      1.1878910000     11.7524380000
C                -12.6435550000      1.4923280000     12.6533830000
C                -13.5387990000      2.4867880000     12.5675600000
C                 -9.1743690000     -0.8734960000     10.8737300000
C                -13.5229640000      3.5610110000     11.5072390000
C                -14.6554330000      2.5939510000     13.5870740000
C                -16.0649050000      2.2892890000     13.0192760000
C                -17.1446180000      2.4638980000     14.0506350000
C                -17.9675000000      1.5437560000     14.5738760000
C                -17.9798420000      0.0865620000     14.1801110000
C                -18.9819170000      1.9424730000     15.6272180000
C                -18.6831290000      1.3829500000     17.0411670000
C                -19.7441000000      1.7587380000     18.0379580000
C                -19.6389990000      2.5293210000     19.1300650000
C                -18.3578650000      3.1739940000     19.6006580000
C                -20.8564790000      2.7940390000     19.9932990000
C                -21.3726320000      4.2539560000     19.9326710000
C                -22.5438780000      4.4821940000     20.8473900000
C                -23.8053200000      4.8116300000     20.5347840000
C                -24.3020220000      5.0535090000     19.1300970000
C                -24.8405320000      4.9787420000     21.6291860000
C                -25.9309260000      3.8780380000     21.6465630000
C                -26.9658210000      4.1181790000     22.7105160000
C                -27.2536820000      3.3696070000     23.7837120000
C                -26.5694390000      2.0737840000     24.1404880000
C                -28.3347980000      3.7878140000     24.7510860000
H                 -5.1235810000     -0.1310600000      5.2990790000
H                 -6.2288820000     -0.0988430000      3.9179450000
H                 -6.7876190000      1.2144700000      6.6510160000
H                -10.2024730000      0.7354810000      6.4557400000
H                 -8.8615450000      1.1448520000      7.5179150000
H                 -8.6516560000     -1.2504710000      8.1898600000
H                 -9.9729170000     -1.6809680000      7.1200830000
H                -11.5911450000     -0.3158420000      8.4281310000
H                 -8.1117120000     -0.8662750000      3.8009580000
H                 -9.7590050000     -0.4231170000      4.2629020000
H                 -8.9893020000     -1.8297470000      4.9875800000
H                -11.7715650000     -0.9560210000     11.8026140000
H                -12.5489010000     -0.1578280000     10.4419770000
H                -11.3383970000      1.9633590000     10.9967600000
H                -10.5642370000      1.1744730000     12.3564840000
H                -12.7677820000      0.7885120000     13.4774890000
H                 -8.3780880000     -1.1873980000     10.2002110000
H                 -9.3373190000     -1.6764020000     11.6034830000
H                 -8.8039570000     -0.0094350000     11.4360590000
H                -12.6797070000      3.4713390000     10.8238130000
H                -13.4753930000      4.5538460000     11.9705830000
H                -14.4380480000      3.5407600000     10.9054200000
H                -14.6644560000      3.6071330000     14.0122360000
H                -14.4610780000      1.9086710000     14.4174270000
H                -16.0632090000      1.2799160000     12.6021550000
H                -16.2674350000      2.9697420000     12.1833950000
H                -17.2484810000      3.4844380000     14.4208880000
H                -17.2666380000     -0.1465430000     13.3903750000
H                -18.9771190000     -0.2055480000     13.8297410000
H                -17.7478540000     -0.5584740000     15.0344850000
H                -19.9791820000      1.5973920000     15.3211520000
H                -19.0351970000      3.0332150000     15.6905350000
H                -17.6951390000      1.7288620000     17.3526730000
H                -18.6259770000      0.2889450000     16.9877300000
H                -20.7302230000      1.3483330000     17.8178620000
H                -17.5013640000      2.9262120000     18.9747840000
H                -18.1273620000      2.8601180000     20.6257460000
H                -18.4462580000      4.2654860000     19.6211810000
H                -20.6203960000      2.5524890000     21.0387620000
H                -21.6699370000      2.1263310000     19.6949080000
H                -21.6161270000      4.4961950000     18.8959240000
H                -20.5624260000      4.9319470000     20.2273210000
H                -22.3180910000      4.3460130000     21.9055320000
H                -23.5186400000      4.9601520000     18.3788240000
H                -24.7306580000      6.0592380000     19.0455590000
H                -25.0994490000      4.3513630000     18.8642630000
H                -25.3337310000      5.9539850000     21.5168220000
H                -24.3449990000      4.9908400000     22.6042550000
H                -25.4470910000      2.9061730000     21.7670420000
H                -26.4318480000      3.8549040000     20.6710670000
H                -27.5396420000      5.0359690000     22.5798340000
H                -25.7778250000      1.7974880000     23.4448090000
H                -27.2945850000      1.2516680000     24.1699310000
H                -26.1304180000      2.1362440000     25.1432190000
H                -28.8025880000      4.7290000000     24.4550630000
H                -27.9305090000      3.9104980000     25.7631450000
H                -29.1185860000      3.0235970000     24.8188010000
$end

$rem
   MAX_SCF_CYCLES=200
   BASIS  =  6-311++G(d,p)
   GUI  =  2
   JOB_TYPE  =  SP
   METHOD  =  B3LYP
   THRESH      14
   SCF_CONVERGENCE  = 5
   SOLVENT_METHOD = sm12
$end

$smx
   solvent dimethylformamide
   charges CM5
$end











