$molecule
-1 2
C                 -5.8514020000     -2.7907270000      3.6948970000
C                 -6.5888840000     -3.2066440000      2.6005730000
C                 -7.5211160000     -2.3321990000      2.0078300000
C                 -6.0158890000     -1.4986360000      4.2326850000
C                 -6.9539940000     -0.6193130000      3.6357900000
C                 -7.6965020000     -1.0598760000      2.5223150000
C                 -5.2181240000     -1.0854490000      5.3977010000
C                 -5.4427130000      0.2566710000      5.8991380000
C                 -6.3539580000      1.1202340000      5.3019560000
C                 -7.1589810000      0.7371800000      4.1625410000
O                 -4.3837260000     -1.8742860000      5.9227520000
O                 -7.9987700000      1.5232080000      3.6394810000
H                 -6.4503960000     -4.2060490000      2.1980600000
H                 -8.1005190000     -2.6576800000      1.1485590000
C                 -4.6291020000      0.6716910000      7.1017910000
H                 -5.1272490000     -3.4415180000      4.1714860000
H                 -8.4066640000     -0.3650990000      2.0885110000
H                 -3.9095900000      1.4631900000      6.8532160000
H                 -4.0679850000     -0.1891730000      7.4659060000
H                 -5.2636100000      1.0536760000      7.9082750000
C                 -6.5771110000      2.5317910000      5.8194320000
C                 -7.6967260000      2.6011810000      6.8274750000
C                 -7.7141890000      3.1755570000      8.0391940000
C                 -8.9700340000      3.1237840000      8.8865340000
C                 -9.6735490000      4.4940910000      9.0643130000
C                -10.8731340000      4.4102860000      9.9653340000
C                -12.1676220000      4.5973290000      9.6695890000
C                 -6.5421820000      3.8986290000      8.6603180000
C                -13.2247580000      4.4285800000     10.7427780000
C                -14.1430640000      3.1965320000     10.5411680000
C                -15.1972540000      3.0918100000     11.6074660000
C                -15.3791920000      2.1281030000     12.5217780000
C                -12.6833850000      4.9805390000      8.3035620000
C                -14.5288330000      0.8860600000     12.6344750000
C                -16.5093060000      2.2374580000     13.5261200000
C                -16.0416060000      2.4832140000     14.9830120000
C                -17.1915920000      2.5333160000     15.9499320000
C                -17.6143160000      3.5575430000     16.7048210000
C                -16.9582160000      4.9164400000     16.7452810000
C                -18.8206050000      3.3898130000     17.6072060000
C                -20.0668700000      4.1940680000     17.1583650000
C                -21.2164730000      4.0431000000     18.1154770000
C                -22.4203390000      3.4911870000     17.9065760000
C                -22.8779610000      2.9125310000     16.5897620000
C                -23.4331090000      3.4294220000     19.0325950000
C                -23.7113780000      1.9987600000     19.5591060000
C                -24.7546760000      1.9835840000     20.6416710000
C                -24.6278150000      1.6285510000     21.9282860000
C                -23.3496890000      1.1247940000     22.5536140000
C                -25.8211810000      1.7062140000     22.8595690000
C                -25.7163290000      2.8164850000     23.9355320000
C                -26.8903360000      2.8110340000     24.8748930000
C                -27.8252170000      3.7538620000     25.0608300000
C                -27.8571430000      5.0793270000     24.3393740000
C                -28.9413420000      3.5296150000     26.0613950000
H                 -6.8729580000      3.1416710000      4.9580270000
H                 -5.6516070000      2.9464960000      6.2231860000
H                 -8.6067810000      2.1083870000      6.4905620000
H                 -8.7257190000      2.7293170000      9.8839000000
H                 -9.6824380000      2.4244430000      8.4397320000
H                 -9.9339110000      4.8812170000      8.0767640000
H                 -8.9603810000      5.2056730000      9.4989810000
H                -10.6403820000      4.1354530000     10.9951620000
H                 -5.6282760000      3.7853240000      8.0778610000
H                 -6.3450250000      3.5197320000      9.6713860000
H                 -6.7358210000      4.9739200000      8.7608590000
H                -13.8556010000      5.3281300000     10.7802790000
H                -12.7423080000      4.3442090000     11.7211700000
H                -13.5207710000      2.3003510000     10.4973280000
H                -14.6386200000      3.2770840000      9.5660720000
H                -15.8930370000      3.9315650000     11.6329170000
H                -11.8848430000      5.1467780000      7.5817960000
H                -13.2824870000      5.8977480000      8.3633200000
H                -13.3384240000      4.2046990000      7.8924050000
H                -13.7573230000      0.8279120000     11.8679230000
H                -15.1525750000     -0.0121510000     12.5516270000
H                -14.0301490000      0.8311530000     13.6082520000
H                -17.1065930000      1.3153960000     13.5045250000
H                -17.1805120000      3.0511540000     13.2358690000
H                -15.4499870000      3.4008340000     15.0101990000
H                -15.3682530000      1.6712410000     15.2831820000
H                -17.7543270000      1.6020690000     16.0241330000
H                -16.0706700000      4.9789800000     16.1168100000
H                -16.6622040000      5.1666530000     17.7711560000
H                -17.6487580000      5.7017910000     16.4194050000
H                -18.5571770000      3.6995070000     18.6279960000
H                -19.0927170000      2.3317760000     17.6628110000
H                -20.3386550000      3.8829820000     16.1473330000
H                -19.8025000000      5.2566630000     17.0952760000
H                -21.0196170000      4.4313790000     19.1153700000
H                -22.1367530000      3.0167460000     15.7982650000
H                -23.7983560000      3.4062210000     16.2557020000
H                -23.1121200000      1.8467310000     16.6837770000
H                -24.3826910000      3.8647470000     18.6921250000
H                -23.0894890000      4.0454540000     19.8686460000
H                -22.7700420000      1.5617780000     19.8993350000
H                -24.0609880000      1.3737770000     18.7283880000
H                -25.7398950000      2.3215010000     20.3185830000
H                -22.5280330000      1.0489430000     21.8423590000
H                -23.5061250000      0.1326280000     22.9934960000
H                -23.0212080000      1.7788000000     23.3684380000
H                -25.9481200000      0.7408310000     23.3683340000
H                -26.7315350000      1.8735230000     22.2766620000
H                -25.6040320000      3.7802870000     23.4341680000
H                -24.8011530000      2.6624250000     24.5200640000
H                -26.9824030000      1.9018390000     25.4698760000
H                -27.0107700000      5.2195340000     23.6679010000
H                -27.8549220000      5.9056220000     25.0601530000
H                -28.7709690000      5.1863710000     23.7451760000
H                -28.9838300000      4.3805710000     26.7549900000
H                -28.7192920000      2.6454930000     26.6659200000
C                -30.3415920000      3.3483840000     25.4227780000
C                -31.4195350000      3.1765720000     26.4569340000
C                -32.2042530000      2.1140270000     26.6865260000
C                -32.1668800000      0.8352410000     25.8855070000
C                -33.2238240000      2.1503040000     27.8074730000
C                -32.8876350000      1.2206720000     29.0009580000
C                -33.9544980000      1.2445440000     30.0603040000
C                -33.8737530000      1.6771650000     31.3267120000
C                -32.6202180000      2.2260280000     31.9636640000
C                -35.0908940000      1.6211840000     32.2282000000
C                -35.6840860000      3.0079990000     32.5827600000
C                -36.8498340000      2.9044180000     33.5268040000
C                -38.1296030000      3.2411480000     33.3175960000
C                -38.6691610000      3.8275200000     32.0371030000
C                -39.1657570000      3.0528830000     34.3993970000
H                -30.3050820000      2.5022540000     24.7330970000
H                -30.5757290000      4.2323910000     24.8172320000
H                -31.5579770000      4.0411690000     27.1068770000
H                -31.4464670000      0.8644170000     25.0688030000
H                -33.1538220000      0.6260670000     25.4559920000
H                -31.9141210000     -0.0223840000     26.5180180000
H                -34.2087550000      1.8661900000     27.4125190000
H                -33.3212740000      3.1733700000     28.1820290000
H                -31.9129020000      1.5058710000     29.4028070000
H                -32.7828880000      0.1922230000     28.6345930000
H                -34.9213750000      0.8631920000     29.7305030000
H                -31.7625610000      2.2204320000     31.2918550000
H                -32.3559000000      1.6393310000     32.8514960000
H                -32.7664410000      3.2568280000     32.3035290000
H                -34.8270820000      1.1073760000     33.1626670000
H                -35.8724450000      1.0213700000     31.7530280000
H                -35.9592040000      3.5194270000     31.6576040000
H                -34.9059450000      3.6203560000     33.0545450000
H                -36.6020390000      2.4853820000     34.5023140000
H                -37.9137100000      3.9360090000     31.2595840000
H                -39.1075330000      4.8155900000     32.2216250000
H                -39.4752440000      3.2000880000     31.6388530000
H                -38.7326880000      2.6272770000     35.3068900000
H                -39.9708360000      2.3894740000     34.0611480000
H                -39.6376610000      4.0075250000     34.6616710000
$end

$rem
   BASIS  =  6-311++G(d,p)
   GUI  =  2
   JOB_TYPE  =  SP
   METHOD  =  B3LYP
   SCF_CONVERGENCE  = 8
   SOLVENT_METHOD = sm12
$end

$smx
   solvent dimethylformamide
   charges CM5
$end





