$molecule
-1 2
C                 16.1749680000      2.8925640000      0.7186210000
C                 15.5501730000      1.8118970000      1.4447750000
C                 15.9595940000      1.4028840000      2.6867300000
C                 17.0812690000      2.0549730000      3.3489950000
C                 17.7239260000      3.1496700000      2.6297380000
C                 17.2969090000      3.5509170000      1.3801430000
O                 15.7637640000      3.2418110000     -0.4284850000
O                 17.4742210000      1.6804670000      4.4954760000
C                 17.9669080000      4.6840420000      0.6432950000
C                 18.8841430000      3.8302250000      3.3150820000
H                 14.7178940000      1.3242210000      0.9452240000
H                 17.9133590000      5.6245930000      1.2067820000
H                 17.4752780000      4.8258130000     -0.3199440000
H                 19.0318650000      4.4834240000      0.4689400000
H                 19.0491100000      3.3698870000      4.2896750000
H                 18.6985830000      4.9024240000      3.4582640000
H                 19.8076020000      3.7479350000      2.7273960000
C                 15.3072240000      0.2485980000      3.4301880000
C                 13.8592510000      0.0363260000      3.0997830000
C                 13.2545650000     -1.0349390000      2.5660550000
C                 11.7613850000     -1.0145580000      2.3042990000
C                 11.3865590000     -0.9339410000      0.8017740000
C                  9.9002270000     -0.9442580000      0.5815100000
C                  9.1187880000      0.0141540000      0.0626280000
C                  7.6215860000     -0.2006440000     -0.0414310000
C                  6.7873340000      0.6829430000      0.9199200000
C                  5.3081190000      0.4825880000      0.7444230000
C                  4.4116940000      0.0110190000      1.6229020000
C                  2.9525180000     -0.1083900000      1.2315220000
C                 13.9649400000     -2.3095400000      2.1776020000
C                  9.6227830000      1.3393060000     -0.4555440000
C                  4.7466790000     -0.4312540000      3.0272030000
C                  2.0121880000      0.8661820000      1.9846960000
C                  0.5713950000      0.6817490000      1.5973660000
C                 -0.2544680000      1.5436030000      0.9868140000
C                 -1.6803580000      1.1370670000      0.6720850000
C                 -1.9720010000      0.9608300000     -0.8396350000
C                 -3.4111400000      0.6160270000     -1.1049230000
C                 -3.9259510000     -0.5030130000     -1.6343280000
C                 -5.4261710000     -0.6458900000     -1.7966530000
C                 -6.0693490000     -1.6987630000     -0.8589950000
C                 -7.5480420000     -1.8400980000     -1.0916030000
C                 -8.5616290000     -1.5693680000     -0.2568260000
C                 -9.9938440000     -1.7720570000     -0.7096130000
C                -10.7933790000     -0.4577270000     -0.8961710000
C                -12.2221080000     -0.7117130000     -1.2898550000
C                -12.8528630000     -0.3863550000     -2.4272950000
C                  0.1249030000      2.9465740000      0.5788820000
C                 -3.1066980000     -1.6766470000     -2.1136480000
C                 -8.3933700000     -1.0713050000      1.1580970000
C                -12.2158210000      0.3600610000     -3.5741630000
C                -14.3092980000     -0.7582870000     -2.6215420000
C                -14.5480120000     -1.8569130000     -3.6880880000
C                -16.0096390000     -2.1494810000     -3.8855400000
C                -16.6822630000     -3.2831020000     -3.6407160000
C                -16.0550070000     -4.5529020000     -3.1187110000
C                -18.1739190000     -3.3528450000     -3.9001720000
C                -19.0380970000     -3.4525100000     -2.6179830000
C                -20.5043350000     -3.5754840000     -2.9275180000
C                -21.4975720000     -2.7273430000     -2.6289930000
C                -21.3281600000     -1.4301440000     -1.8785220000
C                -22.9197830000     -3.0273490000     -3.0372640000
H                 15.4127130000      0.4650840000      4.4998490000
H                 15.8939010000     -0.6631420000      3.2701080000
H                 13.2261350000      0.8956530000      3.3222160000
H                 11.3136370000     -0.1577660000      2.8167380000
H                 11.2951610000     -1.9150240000      2.7310470000
H                 11.8238140000     -1.7939200000      0.2794900000
H                 11.8536700000     -0.0446030000      0.3750000000
H                  9.4031470000     -1.8578260000      0.9121080000
H                  7.3860720000     -1.2500070000      0.1605330000
H                  7.2934340000      0.0022140000     -1.0706190000
H                  7.0204000000      1.7370850000      0.7269340000
H                  7.1042340000      0.4833200000      1.9458540000
H                  4.9343440000      0.7504100000     -0.2446440000
H                  2.6079810000     -1.1351850000      1.4179730000
H                  2.8457470000      0.0669060000      0.1569720000
H                 15.0337300000     -2.2692460000      2.3851520000
H                 13.8454180000     -2.5256270000      1.1095400000
H                 13.5467760000     -3.1676730000      2.7205800000
H                 10.7064740000      1.4323200000     -0.4058870000
H                  9.1968950000      2.1765980000      0.1082650000
H                  9.3211970000      1.4804710000     -1.5007340000
H                  5.8189660000     -0.4561820000      3.2176660000
H                  4.3484700000     -1.4352400000      3.2159790000
H                  4.2948230000      0.2304710000      3.7747780000
H                  2.3515670000      1.8887130000      1.8051960000
H                  2.1089990000      0.6921640000      3.0633170000
H                  0.1640800000     -0.2994000000      1.8441380000
H                 -2.3707810000      1.8921340000      1.0727340000
H                 -1.9150940000      0.1980390000      1.1817920000
H                 -1.2941390000      0.2043700000     -1.2409330000
H                 -1.7356090000      1.8965980000     -1.3605410000
H                 -4.1186340000      1.3910000000     -0.8079480000
H                 -5.6550290000     -0.9205060000     -2.8355520000
H                 -5.9079800000      0.3193650000     -1.6158610000
H                 -5.8471120000     -1.4283390000      0.1755910000
H                 -5.5937660000     -2.6713920000     -1.0342840000
H                 -7.8118580000     -2.2032420000     -2.0854460000
H                -10.5214100000     -2.3981760000      0.0229560000
H                -10.0052960000     -2.3217040000     -1.6552470000
H                -10.2767130000      0.1651160000     -1.6296600000
H                -10.7854960000      0.1024230000      0.0467620000
H                -12.8052930000     -1.2445980000     -0.5381410000
H                  1.1415470000      3.2125640000      0.8657290000
H                 -0.5553380000      3.6743070000      1.0374830000
H                  0.0424520000      3.0821410000     -0.5049000000
H                 -2.0336650000     -1.5131910000     -2.0209260000
H                 -3.3245750000     -1.8887650000     -3.1671830000
H                 -3.3509370000     -2.5866900000     -1.5552170000
H                 -7.3496020000     -0.9780700000      1.4558330000
H                 -8.8844570000     -1.7528920000      1.8628410000
H                 -8.8636400000     -0.0914070000      1.2929310000
H                -11.1816110000      0.6408830000     -3.3781770000
H                -12.7776940000      1.2763010000     -3.7912980000
H                -12.2271580000     -0.2374030000     -4.4919930000
H                -14.8770450000      0.1363550000     -2.9117110000
H                -14.7303970000     -1.1002670000     -1.6716980000
H                -13.9920580000     -2.7516340000     -3.3994100000
H                -14.1260300000     -1.5246900000     -4.6444080000
H                -16.5861290000     -1.3078800000     -4.2708490000
H                -14.9768170000     -4.4723100000     -2.9848640000
H                -16.2470510000     -5.3837610000     -3.8079710000
H                -16.4866300000     -4.8417180000     -2.1544490000
H                -18.3919980000     -4.2231020000     -4.5341990000
H                -18.4901470000     -2.4701180000     -4.4633790000
H                -18.8309680000     -2.5855680000     -1.9865810000
H                -18.7270650000     -4.3340230000     -2.0441770000
H                -20.7727960000     -4.4762100000     -3.4800050000
H                -20.2938130000     -1.2183470000     -1.6096950000
H                -21.9210880000     -1.4396990000     -0.9561070000
H                -21.6996920000     -0.5902380000     -2.4773500000
H                -22.9964640000     -3.9738590000     -3.5762470000
H                -23.3194360000     -2.2342370000     -3.6806580000
H                -23.5773830000     -3.0792680000     -2.1610690000
$end
$rem
   MAX_SCF_CYCLES=200
   BASIS  =  6-311++G(d,p)
   GUI  =  2
   JOB_TYPE  =  SP
   METHOD  =  B3LYP
   THRESH = 14
   SOLVENT_METHOD = COSMO
   SCF_GUESS = SADMO
   SCF_ALGORITHM = DIIS_GDM
$end

$solvent
   dielectric 37.219
   opticaldielectric 1.43
$end



